"IFNg"	78.39869140481215 80.99481256019605 80.47410834833435
"IL-1ra"	1575.141307556017 843.9170736828005 1231.1035785733138
"IL-2ra"	117.70476502091212 129.80022169974023 132.0593729387793
"IL-6"	18.587918911465653 17.012542798525875 22.98997301668544
"IL-10"	24.658110758226037 23.40705273970635 23.40705273970635
"IL-18"	139.17999808916773 140.8038758359758 134.41987155374915
"HGF"	8.466049394550154 8.966407114490314 8.563835750420882
"MCP-3"	8.566365296043994 8.614375021251423 10.130062481887164
"MIG"	612.689505585777 512.7979022762037 864.8016363677333
"M-CSF"	65.4383980572969 60.555902006898805 50.72383313372076
"G-CSF"	115.8613591760984 128.81736893690092 127.30906690197911
"MIP-1a"	5.54390243902439 6.224390243902438 6.597560975609755
"CTACK"	503.70838075343147 503.70838075343147 492.5994773682332
"IP-10(CXCL10)"	3976.5697044216813 2646.0888489578274 2514.7302180773154
